0=csav+csm
1=csav only
2=csm only
3=nothing

coeffs <- c(
"sub-FG01"=0,
"sub-FG02"=0,
"sub-FG03"=0,
"sub-FG04"=0,
"sub-FG05"=3,
"sub-FG06"=0,
"sub-FG07"=1,
"sub-FG09"=0,
"sub-FG10"=0,
"sub-FG11"=0,
"sub-FG12"=0,
"sub-FG14"=0,
"sub-FG16"=0,
"sub-FG17"=0,
"sub-FG20"=0,
"sub-FG22"=0,
"sub-FG23"=0,
"sub-FG25"=0,
"sub-FG28R"=0,
"sub-FG29R"=0,
"sub-FG30R"=0,
"sub-FG31R"=0,
"sub-FG32R"=0,
"sub-FG33R"=0,
"sub-RG26"=0,
"sub-RG27"=0,
"sub-RG30"=1,
"sub-RG31"=0,
"sub-RG34"=0,
"sub-RG37"=0,
"sub-RG38"=0,
"sub-RG41"=0,
"sub-RG44"=0,
"sub-RG47"=0,
"sub-RG48"=0,
"sub-RG49"=0,
"sub-RG50"=0,
"sub-RG51"=0,
"sub-RG55R"=1,
"sub-RG56R"=0,
"sub-RG58R"=0,
"sub-RG59R"=0,
"sub-RG61R"=0,
"sub-RG62R"=1,
"sub-RG63R"=0,
"sub-RG64R"=0
)
